4075611190	15441223147
4075611190	16191009356
4012031725	16264431344
7132397049	16444735172
4012031725	15948092549
4075611190	16593757877
4075611190	16189932942
4075611190	16896663539
4012031725	16252492461
1624977809	16178385341
2224780745	16269655321
4012031725	17030362954
4075611190	16661819884
1624977809	16959777302
1624977809	15509489705
4075611190	16997180595
4012031725	16234459172
1090145311	16193714320
4012031725	17197346088
2224780745	16521584617
4075611190	15934681865
4075611190	17225901988
4012031725	15390396386
1624977809	16971646272
4075611190	16646965187
2762528737	17249662705
4012031725	16870044209
9206882825	15359614011
4012031725	16869918374
3635158764	15344858159
1624977809	17250180685
1624977809	17148397183
2224780745	16257173023
2224780745	17071278631
2762528737	15721597638
1624977809	16915006504
4012031725	17029220293
4075611190	16705771410
1624977809	17028805612
4012031725	17030370856
2224780745	17327503805
4012031725	17200589731
2224780745	17327511839
2224780745	17051771648
7132397049	16171898353
2224780745	16603605831
2224780745	17319733414
1624977809	17324476558
4075611190	17332969433
2224780745	17320949907
1624977809	17316084666
2224780745	17292308134
4012031725	17332863246
4075611190	17210842215
2224780745	17295657090
2762528737	17239264447
